61813
61813
61785
61787
61789
61806
61800
61782
61789
61802
61802
61779
61777
61783
61793
61793
61771
61782
61776
61790
61774
61767
61783
61782
61792
61758
61769
61766
61779
61768
61760
61770
61768
61780
61749
61756
61757
61771
61766
61746
61763
61757
61766
61744
61742
61747
61757
61759
61733
61743
61738
61750
61732
61727
61742
61741
61748
61715
61726
61726
61738
61725
61716
61730
61724
61737
61709
61715
61713
61725
61726
61704
61718
61711
61723
61701
61699
61703
61714
61719
61690
61701
61694
61709
61692
61687
61700
61698
61707
61676
61686
61682
61701
61685
61677
61689
61686
61695
61669
61672
61674
61685
61685
61663
61676
61673
61683
61660
61663
61663
61674
61681
61649
61658
61656
61672
61655
61648
61655
61659
61669
61633
61643
61644
61659
61646
61637
61649
61645
61654
61631
61632
61636
61643
61642
61622
61635
61631
61640
61623
61618
61628
61632
61639
61607
61619
61617
61629
61613
61608
61610
61616
61626
61597
61602
61604
61616
61607
61595
61608
61601
61610
61586
61589
61593
61601
61594
61581
61589
61581
61596
61582
61574
61583
61588
61596
61564
61573
61568
61585
61573
61562
61564
61571
61584
61557
61558
61558
61575
61566
61550
61563
61559
61570
61544
61545
61553
61562
61555
61541
61550
61544
61558
61540
61533
61550
61554
61559
61526
61539
61540
61552
61539
61532
61540
61543
61553
61524
61530
61532
61547
61540
61522
61538
61532
61542
61521
61520
61527
61534
61536
61515
61526
61518
61529
61515
61510
61523
61522
61530
61501
61513
61508
61521
61511
61504
61514
61510
61523
61496
61499
61500
61514
61512
61492
61503
61500
61511
61487
61485
61490
61503
61505
61478
61488
61483
61498
61482
61475
61488
61488
61497
61462
61475
61475
61488
61475
61466
61478
61476
61486
61460
61464
61465
61477
61476
61456
61471
61467
61475
61452
61451
61458
61467
61471
61443
61456
61451
61463
61448
61444
61454
61456
61461
61432
61442
61442
61457
61444
61435
61448
61445
61454
61430
61436
61436
61444
61446
61425
61437
61434
61445
61427
61421
61428
61437
61444
61415
61422
61421
61434
61422
61415
61415
61424
61438
61406
61412
61412
61429
61416
61406
61418
61416
61423
61401
61402
61407
61415
61409
61395
61408
61404
61413
61396
61390
61402
61409
61415
61383
61394
61393
61408
61393
61386
61386
61397
61408
61379
61382
61383
61401
61394
61376
61390
61385
61397
61372
61371
61379
61386
61382
61367
61378
61372
61384
61370
61362
61377
61379
61385
61355
61366
61364
61376
61364
61358
61363
61368
61378
61353
61357
61360
61374
61366
61351
61366
61362
61371
61349
61351
61355
61365
61366
61345
61355
61350
61363
61350
61341
61356
61357
61366
61334
61344
61342
61357
61346
61337
61345
61345
61358
61331
61335
61334
61352
61348
61328
61341
61336
61348
61326
61323
61330
61340
61343
61317
61326
61324
61335
61320
61314
61331
61330
61334
61303
61315
61317
61330
61315
61307
61321
61320
61327
61302
61306
61309
61320
61320
61297
61311
61312
61319
61297
61293
61303
61310
61315
61287
61298
61293
61307
61294
61290
61298
61299
61308
61278
61289
61286
61301
61291
61283
61294
61289
61301
61277
61280
61282
61292
61295
61273
61285
61282
61294
61272
61268
61278
61286
61291
61261
61270
61268
61284
61267
61262
61267
61276
61285
61250
61260
61261
61280
61266
61254
61267
61265
61276
61252
61252
61256
61267
61260
61245
61258
61252
61263
61247
61242
61253
61260
61265
61237
61246
61243
61258
61244
61238
61242
61248
61258
61229
61237
61239
61251
61243
61229
61243
61238
61249
61224
61227
61234
61240
61235
61219
61224
61224
61238
61223
61215
61229
61233
61242
61209
61219
61217
61232
61220
61213
61217
61224
61235
61208
61212
61215
61232
61225
61208
61221
61219
61230
61207
61210
61214
61225
61224
61204
61217
61210
61223
61210
61202
61220
61220
61227
61196
61210
61207
61220
61206
61202
61211
61210
61222
61196
61199
61201
61218
61213
61193
61206
61205
61214
61194
61189
61196
61207
61210
61185
61193
61191
61204
61190
61185
61196
61197
61205
61174
61186
61184
61199
61186
61179
61189
61186
61198
61172
61178
61178
61189
61190
61168
61186
61180
61190
61169
61168
61175
61184
61190
61161
61171
61168
61184
61169
61164
61171
61176
61185
61153
61164
61163
61179
61168
61156
61170
61167
61180
61157
61153
61160
61170
61170
61151
61162
61159
61171
61152
61147
61156
61166
61172
61143
61154
61149
61165
61149
61145
61147
61157
61166
61135
61145
61145
61161
61150
61138
61152
61149
61159
61132
61136
61144
61152
61143
61130
61143
61138
61149
61132
61126
61140
61146
61153
61122
61130
61129
61145
61132
61125
61128
61133
61147
61122
61123
61124
61141
61133
61118
61128
61126
61138
61114
61115
61119
61129
61130
61111
61121
61115
61130
61115
61106
61122
61126
61132
61099
61112
61111
61124
61111
61102
61115
61114
61126
61098
61103
61107
61123
61114
61096
61111
61108
61119
61096
61096
61102
61112
61117
61090
61100
61098
61112
61097
61091
61103
61107
61112
61082
61095
61095
61110
61099
61092
61103
61103
61114
61092
61096
61098
61109
61109
61089
61106
61102
61112
61093
61088
61098
61106
61112
61084
61094
61092
61108
61092
61090
61098
61103
61110
61078
61089
61090
61107
61094
61084
61097
61096
61108
61085
61082
61088
61098
61099
61077
61090
61088
61100
61080
61075
61085
61094
61101
61072
61082
61078
61093
61079
61075
61079
61086
61095
61066
61074
61077
61091
61079
61068
61081
61080
61088
61065
61066
61073
61083
61073
61059
61073
61071
61079
61065
61058
61072
61078
61084
61052
61064
61061
61078
61064
61055
61058
61069
61078
61052
61055
61060
61073
61066
61052
61064
61059
61072
61052
61050
61055
61063
61062
61046
61055
61051
61062
61049
61041
61056
61058
61064
61037
61046
61045
61058
61048
61039
61050
61052
61060
61033
61039
61044
61058
61051
61033
61046
61047
61056
61035
61029
61040
61051
61053
61025
61035
61034
61047
61031
61023
61037
61041
61047
61016
61028
61027
61042
61028
61022
61033
61033
61041
61017
61022
61023
61036
61033
61016
61029
61025
61034
61012
61012
61019
61029
61033
61006
61018
61014
61027
61012
61008
61018
61021
61030
60996
61007
61009
61025
61012
61002
61016
61015
61024
61000
61000
61005
61015
61017
60997
61009
61007
61018
61002
60995
61004
61012
61021
60990
61000
60997
61013
60999
60994
60997
61004
61015
60982
60993
60995
60999
60999
60988
61002
61001
61007
60987
60987
60997
61005
60996
60985
60999
60995
61004
60990
60988
61006
61006
61011
60983
60992
60994
60998
60998
60986
60990
61000
61012
60981
60988
60990
61008
61000
60985
60996
60995
61007
60987
60985
60993
61000
60996
60983
60994
60990
61000
60985
60980
60994
60996
61004
60975
60986
60986
60997
60985
60977
60988
60989
60997
60972
60977
60981
60996
60988
60971
60986
60983
60993
60971
60970
60977
60987
60992
60965
60975
60972
60986
60974
60963
60977
60980
60987
60959
60968
60969
60982
60970
60963
60972
60974
60983
60961
60963
60964
60976
60976
60957
60972
60971
60978
60956
60962
60962
60972
60978
60949
60962
60960
60972
60956
60952
60964
60967
60973
60940
60951
60956
60970
60955
60947
60960
60961
60968
60947
60947
60952
60962
60960
60941
60954
60952
60964
60944
60940
60948
60956
60965
60935
60945
60942
60959
60943
60940
60940
60947
60958
60932
60937
60937
60954
60947
60935
60945
60942
60955
60930
60930
60939
60948
60938
60925
60936
60936
60946
60930
60922
60937
60943
60951
60918
60927
60929
60944
60930
60921
60928
60935
60946
60918
60922
60927
60943
60932
60919
60929
60927
60938
60917
60917
60922
60932
60928
60913
60923
60919
60929
60916
60910
60926
60927
60932
60903
60917
60914
60914
60914
60909
60923
60919
60929
60903
60910
60914
60929
60924
60905
60920
60917
60928
60909
60914
60914
60925
60930
60904
60913
60913
60912
60912
60905
60917
60921
60929
60899
60908
60908
60926
60914
60904
60915
60915
60925
60901
60905
60920
60920
60919
60898
60914
60913
60921
60901
60899
60908
60915
60921
60892
60906
60902
60914
60901
60899
60905
60909
60915
60884
60896
60899
60913
60900
60891
60904
60903
60912
60889
60890
60896
60907
60903
60885
60897
60895
60908
60888
60884
60893
60902
60908
60878
60887
60889
60901
60888
60882
60885
60891
60901
60875
60881
60884
60898
60890
60877
60890
60886
60897
60873
60884
60884
60891
60885
60869
60881
60879
60890
60873
60867
60883
60886
60892
60862
60872
60871
60886
60873
60865
60872
60876
60888
60863
60864
60866
60884
60877
60861
60872
60871
60881
60863
60858
60865
60873
60877
60853
60864
60859
60872
60857
60850
60867
60867
60874
60843
60856
60853
60870
60855
60849
60862
60860
60868
60843
60848
60852
60863
60860
60840
60857
60857
60863
60844
60839
60849
60859
60863
60835
60845
60845
60857
60844
60837
60849
60850
60859
60827
60839
60839
60855
60841
60833
60844
60844
60852
60834
60833
60834
60845
60845
60826
60841
60837
60846
60828
60826
60835
60841
60849
60819
60830
60828
60829
60829
60822
60828
60835
60844
60814
60823
60828
60842
60828
60817
60832
60831
60842
60814
60820
60825
60836
60829
60817
60827
60826
60823
60823
60815
60829
60835
60843
60815
60824
60825
60837
60827
60818
60824
60831
60842
60816
60823
60826
60840
60832
60819
60832
60831
60839
60817
60820
60826
60836
60831
60818
60828
60823
60836
60819
60829
60829
60834
60838
60810
60821
60834
60834
60823
60813
60823
60825
60837
60812
60812
60817
60833
60828
60809
60821
60821
60831
60811
60805
60813
60824
60826
60804
60812
60811
60821
60808
60803
60816
60818
60823
60793
60807
60808
60820
60806
60800
60813
60811
60820
60795
60805
60805
60815
60814
60793
60810
60810
60817
60794
60789
60802
60812
60816
60788
60797
60797
60812
60796
60792
60799
60806
60811
60781
60791
60796
60809
60798
60789
60800
60798
60809
60789
60788
60791
60801
60798
60783
60795
60791
60803
60785
60780
60791
60796
60804
60775
60786
60784
60798
60787
60779
60782
60793
60803
60772
60779
60783
60798
60785
60774
60787
60786
60796
60773
60773
60781
60790
60783
60768
60779
60778
60788
60773
60766
60781
60783
60791
60761
60772
60771
60784
60774
60767
60771
60777
60785
60762
60765
60767
60781
60777
60762
60774
60769
60781
60757
60761
60767
60775
60777
60754
60766
60764
60758
60758
60753
60768
60770
60774
60745
60757
60757
60773
60757
60750
60762
60763
60774
60748
60749
60755
60767
60766
60743
60759
60757
60767
60748
60743
60752
60760
60766
60740
60749
60744
60759
60746
60742
60753
60753
60761
60730
60743
60742
60758
60743
60737
60750
60747
60758
60734
60737
60743
60750
60748
60730
60747
60745
60752
60735
60731
60742
60751
60757
60727
60739
60738
60753
60740
60735
60741
60750
60760
60731
60739
60739
60758
60749
60737
60748
60748
60761
60737
60737
60742
60755
60746
60734
60745
60750
60750
60737
60730
60748
60748
60755
60727
60740
60738
60749
60737
60731
60737
60743
60751
60727
60733
60733
60750
60738
60724
60738
60738
60748
60726
60723
60730
60742
60738
60720
60729
60728
60739
60726
60716
60733
60736
60745
60712
60723
60722
60737
60725
60716
60727
60728
60738
60711
60718
60719
60733
60728
60713
60727
60723
60730
60711
60711
60718
60728
60729
60708
60718
60717
60724
60710
60708
60722
60723
60728
60698
60711
60710
60725
60712
60704
60716
60715
60726
60701
60704
60705
60716
60719
60697
60710
60707
60719
60701
60697
60702
60713
60721
60693
60700
60695
60713
60702
60697
60699
60706
60718
60689
60694
60694
60711
60703
60691
60702
60702
60713
60687
60688
60696
60705
60696
60682
60696
60697
60686
60686
60680
60696
60703
60707
60677
60686
60690
60701
60688
60679
60687
60692
60704
60676
60682
60684
60700
60691
60677
60689
60686
60696
60675
60676
60681
60692
60687
60673
60684
60678
60689
60677
60669
60683
60684
60691
60665
60675
60673
60685
60676
60668
60680
60676
60688
60664
60667
60668
60687
60681
60662
60675
60675
60686
60663
60659
60668
60680
60684
60657
60665
60667
60680
60665
60655
60671
60674
60680
60649
60661
60663
60677
60664
60655
60667
60667
60676
60653
60656
60658
60671
60670
60652
60666
60666
60673
60654
60653
60662
60671
60675
60649
60662
60661
60674
60660
60657
60666
60670
60678
60646
60664
60664
60678
60667
60657
60671
60680
60680
60654
60658
60663
60674
60670
60655
60666
60664
60678
60659
60654
60663
60673
60680
60650
60658
60663
60672
60662
60656
60655
60665
60676
60647
60654
60656
60671
60664
60649
60663
60660
60670
60647
60649
60656
60664
60659
60646
60655
60652
60664
60650
60639
60658
60662
60670
60636
60647
60649
60663
60651
60641
60650
60655
60665
60639
60643
60647
60661
60655
60636
60651
60650
60659
60639
60637
60644
60654
60657
60634
60644
60639
60652
60637
60633
60646
60649
60653
60623
60637
60636
60650
60637
60631
60645
60642
60651
60627
60632
60635
60646
60645
60624
60640
60641
60627
60627
60623
60631
60642
60648
60619
60630
60628
60643
60630
60623
60627
60634
60643
60614
60621
60622
60639
60630
60618
60629
60629
60640
60619
60617
60622
60633
60629
60613
60626
60622
60633
60616
60611
60624
60630
60635
60603
60616
60617
60630
60614
60608
60614
60625
60631
60602
60611
60615
60629
60619
60605
60622
60618
60629
60600
60606
60613
60623
60615
60601
60612
60609
60621
60606
60598
60614
60616
60623
60594
60606
60604
60616
60608
60601
60609
60607
60619
60597
60600
60600
60616
60613
60595
60609
60606
60615
60595
60594
60601
60611
60615
60592
60603
60600
60614
60599
60594
60609
60613
60621
60587
60603
60603
60619
60605
60597
60609
60611
60623
60598
60600
60605
60618
60615
60595
60610
60610
60620
60598
60594
60605
60616
60621
60593
60603
60603
60615
60601
60597
60606
60616
60616
60586
60600
60600
60614
60603
60595
60608
60604
60613
60590
60594
60600
60608
60602
60589
60602
60599
60608
60589
60587
60598
60605
60610
60582
60592
60593
60607
60594
60585
60588
60595
60609
60583
60584
60585
60604
60597
60583
60594
60591
60604
60583
60581
60587
60596
60593
60579
60589
60585
60596
60581
60577
60591
60595
60600
60573
60583
60585
60595
60583
60575
60587
60588
60599
60570
60574
60580
60597
60586
60569
60586
60588
60571
60571
60567
60579
60591
60592
60567
60576
60573
60586
60572
60565
60582
60582
60588
60556
60573
60569
60585
60573
60565
60576
60573
60584
60562
60565
60568
60579
60580
60560
60576
60573
60561
60561
60558
60567
60578
60581
60554
60565
60565
60575
60563
60558
60565
60571
60579
60548
60560
60561
60578
60566
60555
60565
60567
60578
60552
60554
60560
60571
60567
60552
60561
60560
60570
60555
60547
60560
60567
60574
60546
60554
60556
60568
60556
60547
60552
60560
60571
60544
60551
60553
60569
60558
60544
60558
60556
60566
60541
60544
60552
60562
60555
60541
60551
60550
60561
60543
60536
60555
60558
60564
60533
60546
60546
60560
60546
60539
60550
60550
60561
60537
60540
60543
60557
60556
60537
60550
60546
60560
60540
60537
60544
60558
60559
60539
60547
60548
60559
60547
60545
60555
60558
60568
60535
60550
60550
60566
60554
60547
60560
60559
60570
60548
60547
60555
60565
60564
60560
60560
60562
60570
60553
60544
60558
60574
60574
60543
60553
60554
60571
60555
60548
60554
60565
60574
60544
60551
60553
60571
60558
60548
60560
60559
60569
60546
60549
60555
60564
60554
60545
60556
60554
60560
60548
60543
60559
60561
60566
60538
60550
60552
60560
60550
60544
60549
60555
60565
60540
60545
60547
60566
60557
60540
60553
60553
60541
60541
60540
60546
60557
60558
60538
60547
60544
60559
60545
60536
60550
60554
60564
60530
60542
60540
60557
60546
60537
60548
60549
60560
60537
60538
60541
60553
60552
60532
60546
60546
60555
60533
60530
60540
60551
60554
60526
60538
60540
60551
60534
60531
60544
60548
60554
60520
60534
60539
60549
60536
60528
60544
60540
60527
60527
60529
60534
60543
60542
60525
60535
60534
60545
60528
60524
60534
60542
60549
60520
60530
60528
60542
60529
60524
60527
60535
60546
60515
60526
60526
60541
60532
60521
60535
60531
60542
60520
60519
60528
60537
60531
60517
60527
60526
60537
60520
60515
60528
60535
60540
60508
60520
60521
60536
60522
60515
60521
60527
60538
60510
60515
60517
60535
60530
60511
60525
60523
60533
60515
60512
60518
60527
60531
60508
60518
60516
60528
60515
60509
60522
60524
60530
60498
60514
60513
60530
60515
60506
60521
60521
60528
60504
60508
60513
60525
60523
60501
60517
60521
60526
60503
60501
60523
60523
60525
60498
60509
60508
60522
60510
60504
60512
60517
60525
60496
60506
60510
60524
60514
60507
60520
60517
60528
60507
60510
60515
60525
60521
60508
60523
60521
60530
60511
60513
60521
60530
60535
60509
60517
60518
60532
60523
60513
60516
60525
60540
60507
60513
60517
60535
60526
60511
60523
60523
60513
60513
60510
60518
60531
60526
60510
60519
60518
60531
60513
60508
60521
60528
60532
60503
60516
60515
60527
60515
60510
60521
60519
60529
60503
60511
60515
60528
60522
60506
60521
60519
60526
60509
60506
60514
60525
60526
60505
60514
60513
60524
60510
60504
60518
60521
60528
60495
60511
60509
60526
60511
60503
60516
60516
60526
60502
60504
60508
60519
60521
60500
60513
60510
60522
60505
60498
60507
60517
60522
60496
60505
60504
60519
60505
60501
60505
60512
60522
60489
60502
60504
60519
60505
60495
60510
60510
60518
60492
60495
60505
60514
60504
60493
60504
60502
60511
60496
60489
60504
60511
60518
60487
60497
60495
60511
60500
60491
60495
60504
60514
60489
60492
60493
60511
60504
60487
60500
60500
60510
60488
60488
60494
60507
60500
60484
60495
60491
60502
60488
60483
60499
60502
60507
60474
60491
60490
60503
60489
60482
60494
60496
60504
60478
60481
60486
60499
60498
60479
60491
60493
60501
60483
60475
60485
60496
60501
60474
60484
60482
60494
60481
60478
60486
60490
60498
60469
60480
60478
60495
60482
60476
60487
60485
60496
60470
60475
60481
60488
60488
60469
60484
60483
60491
60474
60468
60480
60488
60493
60464
60475
60475
60490
60474
60469
60472
60484
60492
60463
60471
60472
60489
60480
60466
60481
60477
60466
60466
60467
60476
60486
60483
60468
60479
60475
60488
60476
60469
60485
60487
60495
60467
60479
60478
60491
60481
60476
60486
60486
60497
60473
60479
60481
60498
60491
60476
60490
60489
60498
60478
60476
60484
60497
60500
60473
60484
60482
60497
60482
60474
60490
60497
60501
60468
60479
60485
60498
60484
60474
60490
60487
60498
60473
60477
60479
60490
60490
60472
60484
60482
60492
60469
60469
60478
60487
60490
60465
60476
60475
60485
60472
60469
60477
60482
60490
60456
60470
60472
60486
60475
60463
60477
60477
60487
60461
60463
60472
60480
60473
60460
60470
60471
60480
60466
60457
60470
60478
60484
60463
60463
60462
60478
60469
60458
60461
60468
60482
60455
60458
60461
60478
60469
60453
60467
60466
60476
60452
60454
60461
60470
60467
60450
60461
60456
60468
60451
60445
60463
60465
60470
60438
60453
60454
60465
60451
60445
60458
60459
60468
60442
60445
60450
60464
60460
60439
60455
60454
60462
60441
60438
60447
60456
60464
60435
60444
60442
60456
60444
60438
60450
60451
60459
60429
60441
60439
60455
60442
60437
60447
60445
60456
60433
60434
60438
60448
60447
60429
60443
60442
60450
60432
60428
60439
60447
60453
60424
60433
60435
60449
60433
60427
60430
60441
60452
60418
60426
60444
60444
60435
60423
60435
60433
60421
60421
60422
60428
60437
60432
60420
60431
60424
60438
60423
60417
60433
60435
60443
60413
60426
60425
60439
60427
60422
60431
60435
60443
60419
60425
60430
60445
60438
60422
60438
60438
60446
60426
60425
60432
60444
60447
60422
60433
60433
60444
60431
60423
60439
60443
60449
60419
60430
60430
60446
60433
60424
60436
60437
60448
60424
60426
60431
60442
60441
60422
60436
60433
60443
60423
60420
60429
60437
60443
60415
60426
60427
60436
60423
60419
60426
60433
60440
60410
60420
60420
60439
60424
60416
60428
60429
60440
60411
60415
60421
60433
60427
60410
60425
60420
60433
60417
60409
60422
60429
60437
60406
60417
60417
60430
60419
60409
60414
60422
60433
60408
60412
60414
60430
60423
60408
60420
60419
60431
60408
60408
60415
60426
60419
60405
60416
60413
60422
60407
60400
60419
60421
60426
60394
60409
60406
60421
60407
60400
60412
60413
60423
60396
60400
60402
60419
60416
60397
60410
60412
60418
60400
60394
60402
60414
60419
60392
60402
60400
60413
60400
60395
60405
60408
60415
60381
60398
60397
60413
60397
60390
60405
60403
60413
60388
60391
60396
60407
60404
60385
60402
60402
60408
60389
60383
60397
60405
60410
60380
60391
60392
60406
60392
60386
60388
60399
60408
60377
60386
60388
60404
60396
60384
60396
60391
60379
60379
60382
60389
60398
60392
60380
60391
60386
60398
60382
60379
60394
60396
60406
60376
60389
60388
60402
60391
60387
60393
60400
60410
60388
60389
60397
60412
60403
60388
60403
60402
60414
60388
60398
60398
60411
60414
60388
60400
60398
60413
60390
60390
60406
60410
60415
60384
60397
60400
60412
60400
60392
60407
60403
60412
60392
60395
60395
60407
60406
60389
60403
60401
60410
60390
60386
60395
60405
60409
60382
60393
60393
60405
60391
60386
60395
60400
60407
60377
60386
60388
60406
60394
60383
60394
60395
60407
60380
60381
60389
60401
60395
60378
60389
60391
60400
60384
60377
60389
60397
60402
60375
60382
60383
60396
60383
60377
60381
60387
60399
60374
60380
60382
60396
60386
60374
60389
60387
60395
60372
60375
60383
60391
60385
60372
60382
60377
60390
60375
60367
60385
60390
60394
60363
60375
60374
60389
60377
60369
60380
60382
60392
60365
60370
60371
60390
60385
60366
60377
60377
60387
60367
60365
60371
60383
60389
60362
60372
60370
60383
60368
60361
60376
60378
60385
60351
60367
60369
60382
60367
60361
60375
60374
60381
60357
60361
60366
60377
60374
60354
60370
60369
60377
60357
60359
60366
60373
60381
60354
60361
60359
60376
60364
60355
60357
60367
60380
60347
60355
60356
60372
60366
60352
60363
60362
60351
60351
60350
60357
60367
60359
60347
60360
60353
60367
60354
60346
60361
60364
60370
60340
60352
60351
60365
60351
60343
60351
60358
60367
60340
60345
60350
60367
60357
60340
60357
60355
60365
60342
60342
60350
60361
60366
60342
60355
60355
60369
60351
60347
60363
60367
60372
60345
60357
60357
60373
60361
60355
60366
60367
60377
60357
60361
60362
60373
60374
60355
60370
60368
60378
60355
60355
60368
60376
60381
60354
60366
60366
60379
60365
60361
60370
60377
60384
60349
60364
60368
60383
60368
60360
60373
60374
60385
60360
60360
60367
60378
60374
60356
60372
60369
60379
60362
60357
60368
60374
60381
60354
60362
60363
60377
60364
60357
60362
60370
60379
60351
60361
60362
60377
60369
60355
60369
60368
60382
60352
60356
60364
60376
60366
60353
60365
60363
60374
60356
60349
60365
60371
60378
60344
60357
60358
60371
60359
60350
60360
60361
60374
60349
60350
60357
60371
60366
60347
60361
60359
60369
60350
60347
60353
60365
60366
60345
60353
60353
60362
60348
60345
60359
60359
60367
60336
60351
60350
60364
60350
60342
60355
60355
60365
60338
60344
60349
60358
60358
60338
60351
60353
60340
60340
60335
60346
60357
60361
60334
60342
60342
60357
60344
60337
60340
60350
60361
60331
60339
60339
60357
60345
60335
60347
60344
60356
60331
60335
60341
60350
60343
60330
60342
60341
60348
60332
60327
60344
60347
60353
60323
60336
60336
60349
60333
60329
60335
60343
60349
60324
60330
60332
60350
60341
60326
60337
60337
60347
60325
60324
60331
60341
60341
60321
60331
60327
60341
60327
60320
60335
60340
60345
60314
60331
60328
60341
60326
60323
60336
60331
60342
60318
60322
60324
60336
60335
60317
60331
60332
60338
60319
60315
60324
60335
60338
60309
60322
60321
60337
60319
60316
60328
60332
60340
60305
60321
60323
60342
60330
60320
60335
60336
60347
60327
60327
60334
60342
60342
60327
60340
60340
60350
60332
60329
60341
60349
60354
60328
60339
60339
60351
60339
60337
60338
60346
60358
60330
60340
60342
60356
60347
60336
60352
60348
60359
60337
60337
60346
60355
60351
60336
60346
60345
60359
60341
60333
60349
60355
60361
60332
60339
60341
60356
60344
60335
60344
60349
60357
60334
60337
60340
60356
60349
60333
60347
60345
60355
60334
60334
60340
60350
60354
60329
60341
60340
60351
60336
60329
60345
60349
60353
60320
60336
60339
60352
60337
60330
60343
60343
60352
60327
60331
60335
60349
60347
60325
60341
60342
60350
60328
60326
60335
60345
60351
60324
60331
60331
60346
60335
60326
60333
60340
60347
60317
60329
60329
60344
60334
60324
60336
60335
60321
60321
60323
60330
60339
60330
60318
60331
60329
60337
60323
60316
60329
60337
60341
60311
60323
60323
60338
60323
60316
60322
60330
60341
60310
60318
60321
60339
60329
60314
60327
60327
60338
60315
60314
60321
60331
60330
60312
60320
60319
60329
60317
60309
60325
60328
60333
60303
60317
60314
60329
60316
60309
60321
60323
60331
60305
60312
60316
60327
60324
60304
60322
60322
60329
60306
60305
60315
60325
60328
60301
60313
60313
60323
60310
60305
60317
60320
60326
60295
60307
60307
60325
60309
60303
60314
60314
60324
60302
60303
60308
60317
60317
60299
60313
60310
60319
60301
60298
60309
60314
60324
60295
60306
60306
60321
60307
60302
60308
60319
60327
60308
60308
60312
60329
60321
60307
60321
60323
60337
60309
60310
60321
60334
60322
60308
60322
60321
60334
60318
60309
60326
60332
60339
60307
60320
60321
60334
60323
60315
60322
60329
60339
60317
60317
60322
60337
60330
60314
60330
60326
60336
60317
60318
60323
60331
60333
60312
60324
60321
60332
60316
60312
60328
60329
60334
60305
60319
60316
60332
60320
60311
60323
60325
60335
60312
60313
60316
60329
60330
60307
60322
60323
60311
60311
60306
60317
60328
60334
60306
60316
60314
60328
60315
60311
60318
60323
60332
60300
60313
60314
60329
60315
60309
60322
60319
60306
60306
60310
60317
60324
60319
60303
60318
60316
60325
60305
60303
60315
60328
60328
60298
60310
60313
60324
60312
60305
60309
60316
60327
60304
60305
60310
60325
60317
60301
60313
60312
60324
60301
60304
60308
60317
60313
60300
60310
60305
60319
60302
60295
60312
60316
60322
60291
60304
60305
60315
60305
60296
60310
60309
60317
60293
60298
60302
60317
60310
60291
60308
60308
60314
60295
60292
60300
60314
60315
60288
60299
60298
60313
60297
60289
60305
60307
60316
60282
60295
60295
60311
60300
60289
60301
60300
60310
60290
60290
60293
60304
60305
60287
60300
60300
60306
60288
60285
60297
60303
60307
60280
60292
60291
60304
60290
60284
60290
60301
60306
60274
60288
60291
60305
60294
60284
60299
60299
60310
60287
60288
60297
60309
60301
60303
60303
60302
60312
60299
60293
60306
60313
60320
60301
60301
60302
60318
60308
60300
60306
60312
60323
60303
60304
60306
60323
60319
60303
60316
60315
60326
60307
60306
60314
60323
60328
60303
60314
60314
60327
60311
60303
60322
60328
60330
60299
60311
60314
60328
60315
60306
60318
60321
60330
60308
60309
60313
60326
60324
60304
60319
60319
60306
60306
60308
60313
60323
60329
60305
60314
60313
60325
60313
60308
60318
60321
60327
60297
60310
60313
60325
60314
60307
60321
60319
60307
60307
60310
60316
60325
60320
60306
60319
60319
60328
60309
60304
60316
60326
60331
60302
60310
60312
60328
60313
60305
60310
60320
60330
60301
60306
60309
60328
60320
60304
60316
60316
60328
60306
60302
60312
60322
60316
60301
60312
60310
60321
60304
60298
60316
60318
60322
60293
60307
60309
60320
60306
60301
60314
60315
60320
60294
60302
60308
60322
60313
60296
60314
60314
60319
60301
60298
60307
60317
60319
60293
60305
60302
60316
60303
60297
60307
60312
60318
60287
60298
60298
60318
60305
60296
60307
60310
60318
60295
60297
60304
60310
60310
60292
60309
60305
60312
60296
60292
60303
60310
60317
60286
60298
60296
60311
60297
60291
60295
60307
60314
60282
60291
60297
60312
60300
60287
60300
60303
60315
60287
60289
60297
60309
60298
60285
60298
60294
60307
60291
60285
60299
60303
60311
60281
60291
60291
60303
60292
60286
60292
60297
60307
60283
60287
60289
60304
60299
60283
60297
60295
60303
60282
60283
60289
60298
60298
60288
60288
60288
60301
60283
60278
60293
60298
60303
60272
60289
60287
60305
60292
60285
60300
60300
60312
60291
60293
60297
60312
60313
60292
60306
60307
60297
60297
60294
60304
60316
60320
60294
60303
60304
60319
60306
60301
60310
60317
60326
60296
60307
60309
60325
60312
60305
60319
60317
60304
60304
60307
60315
60326
60318
60305
60318
60317
60328
60310
60305
60319
60328
60333
60303
60316
60315
60331
60317
60310
60315
60322
60332
60308
60310
60315
60333
60324
60309
60320
60320
60330
60310
60311
60316
60326
60321
60309
60320
60318
60327
60312
60309
60324
60326
60333
60303
60318
60316
60329
60319
60310
60323
60323
60334
60308
60313
60316
60333
60327
60306
60323
60324
60333
60311
60309
60317
60329
60333
60307
60317
60316
60329
60315
60311
60320
60324
60333
60303
60313
60313
60331
60317
60309
60321
60320
60331
60308
60311
60315
60325
60323
60304
60319
60322
60327
60307
60306
60317
60324
60330
60301
60313
60313
60326
60310
60306
60309
60320
60329
60298
60307
60309
60326
60316
60303
60316
60314
60326
60303
60303
60310
60319
60317
60301
60310
60309
60321
60307
60298
60314
60316
60324
60295
60304
60304
60319
60304
60300
60309
60310
60321
60295
60301
60303
60319
60314
60296
60311
60310
60316
60297
60296
60304
60315
60319
60290
60301
60303
60318
60298
60292
60307
60314
60315
60284
60297
60300
60314
60300
60291
60305
60304
60313
60289
60292
60297
60308
60309
60302
60302
60301
60290
60290
60288
60293
60304
60310
60285
60294
60291
60305
60293
60290
60292
60299
60309
60278
60288
60291
60309
60296
60284
60298
60296
60283
60283
60283
60291
60301
60293
60280
60292
60291
60301
60285
60280
60295
60302
60311
60283
60291
60293
60308
60299
60290
60298
60305
60318
60293
60297
60302
60318
60311
60297
60311
60310
60319
60297
60300
60309
60318
60318
60297
60309
60306
60317
60304
60301
60317
60318
60325
60291
60308
60310
60324
60308
60305
60316
60318
60328
60305
60306
60310
60323
60323
60302
60316
60318
60326
60305
60301
60311
60321
60328
60299
60308
60307
60323
60310
60305
60312
60316
60326
60294
60308
60308
60323
60310
60303
60316
60317
60323
60300
60303
60313
60318
60310
60299
60314
60313
60321
60302
60299
60313
60321
60325
60295
60306
60309
60323
60306
60299
60307
60314
60324
60295
60302
60305
60324
60314
60297
60312
60311
60324
60300
60298
60306
60317
60315
60297
60306
60302
60317
60302
60296
60310
60314
60320
60291
60304
60302
60315
60302
60296
60309
60308
60318
60293
60297
60301
60315
60309
60293
60309
60310
60316
60295
60291
60301
60313
60314
60286
60297
60298
60311
60297
60293
60302
60305
60313
60280
60293
60293
60310
60298
60289
60301
60300
60312
60287
60289
60295
60304
60301
60285
60297
60296
60289
60289
60285
60296
60303
60308
60280
60290
60289
60303
60293
60284
60289
60299
60309
60282
60285
60289
60306
60294
60294
60294
60293
60305
60281
60280
60289
60300
60292
60275
60287
60287
60299
60282
60275
60293
60295
60301
60270
60285
60281
60294
60285
60282
60288
60288
60297
60277
60277
60280
60294
60293
60272
60287
60287
60293
60274
60272
60279
60289
60292
60267
60279
60277
60289
60274
60271
60284
60287
60292
60260
60276
60280
60295
60280
60273
60289
60290
60300
60277
60280
60287
60299
60297
60278
60293
60293
60304
60289
60281
60295
60305
60311
60280
60291
60293
60308
60292
60288
60291
60301
60310
60286
60293
60293
60310
60300
60289
60303
60300
60310
60288
60291
60299
60308
60302
60289
60301
60298
60310
60294
60287
60304
60310
60314
60284
60296
60298
60310
60300
60290
60301
60304
60314
60290
60290
60295
60312
60306
60289
60302
60302
60310
60293
60289
60295
60308
60312
60286
60296
60295
60307
60295
60290
60302
60303
60311
60279
60293
60296
60309
60295
60287
60302
60303
60310
60285
60290
60297
60306
60303
60285
60299
60302
60309
60289
60284
60297
60304
60312
60283
60293
60290
60310
60294
60288
60287
60299
60310
60279
60287
60291
60305
60297
60285
60296
60293
60307
60284
60283
60291
60301
60294
60281
60293
60289
60284
60280
60280
60294
60298
60305
60274
60287
60287
60299
60286
60279
60293
60293
60301
60278
60282
60285
60301
60293
60275
60290
60291
60278
60278
60273
60285
60296
60298
60273
60280
60280
60294
60281
60285
60285
60290
60297
60264
60279
60279
60292
60281
60285
60285
60283
60295
60271
60274
60277
60287
60284
60268
60282
60281
60289
60272
60269
60279
60286
60295
60262
60272
60275
60288
60273
60267
60272
60282
60289
60259
60268
60271
60287
60277
60264
60276
60276
60288
60261
60263
60271
60281
60275
60262
60270
60267
60281
60265
60257
60274
60277
60283
60255
60265
60265
60277
60267
60260
60270
60270
60280
60253
60261
60265
60280
60271
60255
60271
60273
60276
60256
60253
60267
60274
60275
60251
60263
60260
60272
60257
60254
60266
60269
60277
60241
60256
60257
60274
60260
60249
60264
60264
60275
60250
60252
60256
60269
60271
60251
60264
60268
60274
60259
60255
60267
60275
60283
60258
60269
60267
60283
60269
60269
60269
60281
60289
60261
60271
60274
60289
60279
60269
60284
60282
60293
60269
60270
60281
60289
60281
60269
60281
60280
60292
60277
60268
60285
60290
60297
60266
60277
60281
60294
60283
60274
60285
60288
60298
60272
60276
60279
60295
60291
60272
60286
60285
60294
60273
60271
60280
60291
60295
60270
60279
60280
60275
60275
60271
60286
60288
60293
60262
60277
60279
60292
60278
60270
60284
60285
60295
60272
60272
60278
60289
60287
60269
60283
60281
60291
60274
60268
60279
60288
60295
60265
60276
60274
60289
60277
60271
60274
60284
60292
60267
60272
60272
60290
60282
60270
60280
60278
60289
60270
60268
60274
60283
60279
60264
60275
60272
60285
60268
60260
60279
60282
60286
60257
60269
60270
60283
60271
60262
60275
60278
60287
60255
60264
60270
60285
60277
60257
60274
60274
60283
60263
60257
60268
60279
60282
60256
60267
60265
60275
60263
60260
60269
60272
60278
60251
60263
60259
60277
60264
60256
60270
60268
60277
60254
60258
60262
60269
60269
60251
60266
60266
60274
60256
60250
60263
60270
60277
60246
60255
60258
60272
60258
60251
60253
60266
60275
60246
60252
60254
60273
60261
60248
60259
60260
60272
60247
60246
60254
60265
60258
60244
60256
60251
60264
60249
60242
60259
60263
60267
60237
60249
60250
60260
60248
60242
60258
60254
60263
60238
60242
60247
60261
60255
60236
60253
60254
60259
60238
60238
60245
60256
60261
60233
60243
60245
60259
60245
60238
60252
60258
60267
60234
60247
60249
60269
60254
60246
60258
60261
60271
60248
60250
60255
60264
60265
60248
60260
60257
60269
60252
60249
60260
60268
60274
60245
60257
60257
60271
60258
60253
60257
60266
60275
60249
60255
60257
60276
60263
60252
60265
60264
60278
60252
60252
60261
60272
60267
60248
60259
60258
60272
60255
60246
60264
60268
60275
60244
60254
60253
60269
60256
60250
60261
60263
60272
60248
60251
60254
60269
60265
60246
60262
60264
60269
60249
60247
60257
60265
60268
60243
60257
60255
60265
60252
60248
60259
60263
60268
60235
60250
60253
60266
60252
60245
60259
60257
60267
60245
60245
60250
60261
60259
60241
60255
60252
60262
60247
60244
60252
60260
60268
60242
60248
60247
60263
60251
60241
60246
60254
60264
60238
60243
60245
60262
60254
60239
60251
60252
60261
60240
60238
60248
60258
60254
60235
60246
60247
60257
60240
60231
60252
60255
60258
60225
60240
60240
60255
60239
60234
60245
60245
60255
60228
60234
60237
60251
60247
60227
60245
60241
60248
60229
60226
60235
60243
60247
60223
60232
60229
60242
60228
60226
60233
60235
60242
60215
60227
60226
60242
60229
60221
60235
60232
60241
60220
60222
60228
60237
60230
60216
60230
60227
60238
60221
60214
60227
60236
60243
60211
60220
60220
60238
60225
60214
60219
60230
60241
60214
60216
60219
60240
60229
60214
60227
60226
60235
60214
60213
60221
60232
60231
60209
60223
60218
60230
60215
60212
60229
60229
60233
60201
60220
60219
60232
60218
60210
60226
60225
60231
60213
60214
60219
60229
60231
60209
60226
60228
60235
60213
60214
60225
60238
60241
60216
60227
60227
60244
60231
60227
60232
60241
60252
60222
60232
60236
60249
60241
60231
60243
60242
60254
60231
60235
60241
60249
60243
60232
60242
60241
60250
60237
60231
60247
60251
60258
60226
60238
60242
60254
60239
60235
60242
60249
60258
60230
60236
60240
60259
60250
60232
60247
60248
60256
60234
60234
60242
60250
60254
60231
60239
60239
60253
60237
60228
60245
60247
60253
60224
60238
60239
60251
60237
60232
60244
60244
60253
60229
60233
60239
60247
60246
60228
60244
60243
60250
60232
60228
60237
60248
60251
60222
60234
60233
60249
60232
60229
60233
60242
60253
60223
60229
60232
60248
60238
60224
60239
60237
60249
60225
60223
60231
60242
60236
60222
60232
60229
60242
60226
60218
60234
60238
60243
60214
60225
60222
60238
60228
60219
60228
60232
60241
60215
60219
60225
60238
60229
60212
60232
60227
60237
60214
60210
60221
60233
60234
60208
60219
60222
60230
60215
60209
60224
60228
60234
60200
60215
60214
60233
60218
60211
60223
60219
60235
60209
60212
60214
60226
60225
60204
60220
60220
60225
60208
60207
60216
60221
60229
60201
60214
60208
60223
60211
60208
60208
60219
60227
60199
60206
60208
60223
60214
60200
60214
60214
60225
60199
60198
60209
60220
60210
60196
60208
60206
60221
60203
60195
60212
60217
60223
60190
60201
60204
60217
60206
60195
60209
60209
60219
60192
60197
60202
60218
60210
60193
60210
60209
60216
60193
60195
60205
60216
60217
60193
60206
60203
60217
60202
60200
60214
60216
60221
60192
60209
60210
60225
60210
60203
60218
60217
60229
60205
60207
60213
60223
60224
60204
60219
60215
60228
60210
60206
60217
60224
60234
60205
60215
60213
60230
60217
60213
60212
60223
60233
60207
60212
60213
60231
60222
60208
60222
60220
60231
60207
60207
60215
60225
60219
60203
60218
60214
60224
60210
60200
60220
60226
60229
60195
60210
60214
60223
60209
60201
60218
60218
60225
60197
60204
60209
60222
60218
60200
60214
60212
60221
60202
60200
60207
60216
60222
60196
60209
60203
60216
60203
60200
60208
60211
60217
60190
60202
60199
60215
60204
60196
60209
60205
60216
60192
60195
60201
60210
60208
60190
60203
60202
60212
60194
60188
60200
60210
60216
60183
60193
60196
60212
60197
60186
60192
60200
60212
60185
60189
60192
60208
60200
60184
60195
60196
60206
60186
60182
60192
60201
60197
60183
60190
60189
60198
60184
60177
60195
60197
60202
60170
60186
60183
60197
60181
60177
60190
60190
60198
60171
60178
60183
60195
60192
60173
60189
60189
60196
60176
60170
60181
60190
60198
60168
60177
60174
60193
60177
60172
60180
60187
60191
60160
60171
60175
60189
60178
60168
60181
60177
60188
60166
60169
60175
60182
60177
60162
60176
60170
60182
60165
60161
60174
60178
60186
60156
60167
60168
60181
60170
60157
60166
60173
60184
60153
60160
60164
60184
60172
60155
60169
60172
60181
60155
60156
60163
60175
60171
60150
60163
60161
60173
60158
60150
60166
60170
60176
60145
60158
60157
60172
60157
60152
60167
60162
60173
60148
60155
60156
60168
60168
60148
60165
60164
60168
60147
60147
60158
60167
60170
60143
60155
60155
60170
60153
60153
60159
60165
60176
60143
60157
60160
60178
60167
60157
60171
60170
60184
60162
60160
60170
60181
60178
60163
60174
60175
60185
60172
60166
60180
60186
60194
60163
60175
60175
60189
60176
60171
60176
60185
60195
60166
60174
60179
60196
60185
60171
60187
60188
60194
60170
60174
60186
60192
60191
60168
60182
60179
60192
60173
60168
60188
60188
60192
60160
60174
60177
60190
60176
60169
60182
60179
60191
60167
60172
60175
60186
60189
60167
60182
60180
60190
60170
60168
60173
60183
60190
60164
60172
60169
60186
60171
60168
60174
60179
60189
60159
60167
60171
60187
60175
60162
60177
60178
60187
60159
60162
60170
60180
60172
60158
60169
60169
60181
60165
60155
60173
60179
60185
60152
60164
60164
60179
60166
60158
60165
60171
60182
60154
60160
60163
60180
60172
60155
60172
60168
60176
60153
60156
60163
60171
60173
60149
60162
60160
60169
60153
60151
60166
60167
60171
60140
60157
60155
60171
60155
60151
60162
60162
60173
60147
60152
60153
60165
60168
60145
60160
60158
60169
60149
60144
60154
60164
60172
60141
60151
60150
60164
60151
60146
60150
60158
60168
60135
60147
60148
60162
60152
60146
60155
60152
60163
60142
60141
60149
60157
60149
60134
60150
60148
60157
60138
60133
60152
60156
60162
60128
60141
60141
60156
60142
60134
60144
60149
60157
60129
60134
60139
60157
60149
60129
60146
60144
60153
60128
60132
60138
60148
60150
60127
60137
60133
60146
60131
60128
60141
60142
60149
60117
60135
60131
60146
60132
60126
60141
60137
60148
60122
60125
60131
60140
60141
60120
60139
60135
60141
60125
60121
60131
60140
60148
60115
60127
60127
60145
60128
60124
60128
60139
60153
60121
60129
60130
60152
60143
60131
60147
60146
60160
60133
60137
60146
60156
60149
60138
60150
60147
60158
60144
60137
60160
60160
60167
60134
60150
60152
60162
60152
60144
60157
60159
60167
60142
60148
60154
60169
60159
60144
60162
60159
60168
60143
60146
60152
60165
60169
60142
60155
60152
60164
60151
60145
60160
60159
60173
60136
60150
60150
60165
60154
60147
60158
60157
60165
60146
60146
60148
60159
60163
60143
60155
60156
60163
60146
60142
60151
60160
60168
60137
60150
60145
60165
60147
60145
60146
60157
60168
60133
60142
60148
60164
60154
60140
60154
60153
60164
60138
60138
60149
60162
60152
60136
60149
60147
60159
60141
60135
60152
60157
60162
60130
60143
60143
60157
60144
60137
60151
60148
60158
60130
60141
60142
60156
60151
60134
60154
60146
60155
60134
60133
60142
60149
60153
60130
60140
60138
60150
60138
60131
60144
60147
60155
60120
60134
60133
60151
60137
60130
60140
60142
60155
60132
60127
60133
60146
60147
60124
60140
60135
60148
60130
60124
60134
60143
60153
60119
60131
60131
60146
60132
60126
60129
60139
60148
60119
60125
60131
60145
60132
60119
60138
60135
60143
60117
60122
60131
60143
60130
60117
60130
60130
60138
60119
60114
60135
60137
60140
60109
60128
60123
60136
60124
60115
60128
60126
60139
60113
60117
60120
60132
60132
60113
60128
60125
60133
60113
60113
60117
60130
60134
60109
60118
60115
60129
60113
60112
60121
60126
60133
60097
60114
60113
60130
60115
60107
60122
60119
60132
60106
60105
60112
60124
60125
60101
60115
60117
60127
60107
60098
60123
60123
60129
60095
60107
60108
60124
60107
60102
60104
60116
60126
60096
60107
60110
60126
60116
60107
60124
60119
60133
60108
60113
60122
60133
60126
60114
60130
60125
60135
60121
60115
60136
60137
60144
60116
60127
60132
60141
60130
60123
60137
60137
60146
60121
60127
60130
60148
60143
60139
60139
60139
60149
60126
60125
60133
60142
60150
60124
60134
60129
60145
60132
60127
60138
60140
60151
60118
60131
60129
60147
60133
60127
60140
60139
60148
60126
60128
60142
60142
60137
60136
60136
60137
60144
60128
60121
60136
60144
60151
60115
60130
60133
60148
60130
60124
60128
60141
60150
60118
60127
60130
60148
60136
60122
60139
60136
60148
60120
60125
60133
60141
60136
60124
60133
60130
60139
60125
60119
60137
60139
60144
60116
60130
60129
60139
60128
60123
60134
60132
60142
60117
60125
60127
60139
60137
60118
60134
60132
60141
60123
60117
60126
60138
60145
60112
60126
60122
60139
60123
60118
60128
60143
60143
60107
60116
60121
60139
60124
60116
60127
60126
60138
60115
60115
60117
60131
60128
60108
60125
60123
60136
60111
60109
60123
60129
60137
60103
60117
60118
60131
60115
60109
60115
60124
60131
60101
60112
60116
60128
60119
60105
60122
60119
60128
60103
60105
60114
60124
60114
60102
60116
60109
60123
60105
60101
60116
60119
60128
60097
60110
60105
60120
60111
60103
60112
60110
60126
60102
60102
60102
60122
60118
60097
60113
60111
60116
60098
60096
60112
60112
60118
60091
60102
60100
60115
60099
60094
60107
60111
60117
60081
60097
60098
60117
60101
60090
60104
60104
60117
60089
60089
60095
60107
60103
60100
60100
60100
60109
60091
60084
60098
60106
60112
60079
60093
60091
60105
60091
60088
60090
60098
60109
60080
60089
60090
60106
60094
60083
60098
60095
60105
60082
60085
60091
60101
60096
60081
60096
60093
60106
60089
60083
60102
60108
60116
60086
60099
60100
60116
60106
60097
60110
60112
60122
60099
60103
60106
60123
60122
60102
60115
60117
60128
60107
60102
60110
60124
60129
60101
60114
60112
60126
60109
60109
60122
60123
60132
60097
60113
60115
60128
60112
60108
60123
60121
60130
60106
60108
60117
60125
60103
60103
60118
60121
60128
60106
60103
60116
60125
60130
60099
60111
60115
60127
60111
60105
60113
60118
60130
60101
60110
60110
60127
60120
60106
60118
60115
60129
60106
60106
60114
60122
60117
60104
60115
60110
60122
60106
60102
60118
60122
60127
60095
60109
60108
60123
60111
60103
60116
60115
60126
60101
60103
60106
60124
60120
60097
60114
60113
60124
60102
60099
60107
60116
60125
60096
60106
60103
60120
60106
60100
60113
60115
60123
60089
60103
60103
60120
60105
60097
60111
60110
60120
60096
60098
60103
60114
60109
60108
60108
60107
60114
60095
60093
60106
60112
60117
60085
60100
60102
60114
60098
60092
60097
60107
60116
60088
60093
60095
60113
60104
60089
60104
60099
60113
60086
60090
60106
60106
60103
60096
60096
60095
60106
60090
60085
60098
60103
60110
60079
60094
60088
60104
60093
60085
60097
60096
60106
60079
60086
60088
60103
60100
60081
60097
60097
60104
60085
60080
60090
60102
60104
60078
60085
60086
60100
60086
60079
60092
60096
60104
60067
60081
60084
60099
60083
60076
60091
60088
60100
60076
60079
60081
60092
60090
60070
60088
60082
60093
60071
60072
60085
60089
60096
60066
60079
60079
60090
60076
60071
60075
60084
60091
60063
60074
60075
60091
60080
60068
60082
60079
60092
60064
60068
60076
60085
60080
60063
60076
60071
60085
60070
60060
60077
60082
60092
60057
60069
60068
60086
60075
60067
60076
60079
60091
60065
60070
60075
60093
60071
60071
60088
60091
60096
60077
60076
60088
60098
60103
60075
60090
60088
60102
60087
60084
60099
60100
60107
60074
60090
60093
60108
60093
60085
60101
60101
60111
60084
60088
60096
60106
60103
60086
60103
60099
60108
60090
60085
60098
60107
60112
60083
60094
60095
60108
60095
60090
60089
60099
60111
60082
60091
60092
60108
60099
60086
60101
60097
60111
60083
60087
60095
60109
60100
60082
60095
60092
60106
60089
60082
60100
60106
60110
60077
60091
60090
60106
60094
60084
60098
60100
60110
60083
60089
60089
60107
60104
60085
60097
60100
60107
60085
60084
60091
60102
60106
60092
60092
60090
60101
60089
60085
60096
60098
60106
60073
60089
60089
60104
60090
60083
60099
60095
60103
60078
60083
60100
60100
60096
60077
60093
60091
60100
60082
60078
60088
60097
60104
60073
60085
60085
60102
60086
60077
60083
60092
60102
60072
60081
60082
60100
60092
60075
60089
60086
60099
60075
60076
60084
60094
60088
60074
60084
60080
60093
60076
60072
60088
60091
60097
60064
60081
60076
60092
60078
60073
60085
60086
60097
60069
60072
60077
60092
60088
60066
60083
60083
60092
60068
60065
60077
60088
60091
60064
60075
60073
60088
60073
60069
60081
60084
60089
60055
60070
60074
60087
60072
60066
60083
60076
60089
60064
60069
60074
60079
60078
60062
60078
60072
60081
60063
60059
60073
60079
60083
60055
60067
60067
60080
60066
60061
60064
60072
60083
60052
60060
60063
60081
60071
60055
60070
60066
60081
60056
60056
60063
60073
60071
60053
60062
60058
60073
60058
60050
60067
60069
60078
60044
60058
60056
60071
60058
60051
60065
60063
60075
60048
60053
60057
60070
60066
60047
60064
60064
60069
60049
60046
60059
60068
60071
60044
60058
60058
60073
60057
60055
60069
60073
60081
60047
60063
60064
60083
60070
60062
60078
60075
60087
60064
60066
60072
60080
60082
60065
60079
60074
60086
60071
60066
60079
60084
60093
60074
60074
60075
60090
60075
60070
60074
60083
60093
60065
60072
60073
60092
60081
60081
60081
60082
60092
60065
60067
60078
60086
60083
60062
60075
60074
60087
60069
60062
60081
60084
60091
60062
60070
60069
60084
60075
60065
60078
60077
60090
60062
60067
60085
60085
60082
60064
60080
60079
60084
60065
60064
60073
60083
60085
60061
60072
60069
60083
60069
60065
60076
60079
60085
60055
60065
60068
60083
60071
60061
60078
60076
60087
60059
60063
60068
60080
60076
60058
60071
60072
60082
60061
60057
60068
60076
60083
60052
60062
60062
60078
60066
60057
60062
60069
60081
60053
60060
60061
60078
60068
60053
60067
60076
60076
60053
60054
60064
60071
60066
60050
60060
60059
60071
60053
60046
60065
60071
60074
60039
60055
60056
60071
60054
60048
60061
60061
60072
60043
60051
60052
60067
60065
60045
60061
60060
60067
60047
60043
60053
60062
60068
60040
60054
60048
60063
60047
60046
60055
60057
60063
60031
60046
60045
60062
60049
60055
60055
60051
60062
60037
60041
60048
60056
60055
60035
60050
60047
60062
60040
60034
60047
60058
60062
60030
60040
60042
60055
60043
60034
60038
60047
60060
60029
60035
60037
60056
60046
60031
60045
60044
60054
60033
60032
60039
60051
60045
60028
60040
60036
60049
60029
60027
60045
60044
60050
60033
60033
60033
60049
60032
60023
60042
60041
60050
60023
60028
60033
60047
60046
60025
60043
60051
60051
60031
60029
60042
60055
60058
60044
60044
60041
60059
60046
60044
60052
60057
60065
60035
60048
60048
60064
60053
60046
60060
60054
60068
60045
60046
60052
60061
60058
60044
60057
60053
60062
60049
60042
60055
60061
60037
60037
60048
60050
60064
60050
60042
60047
60057
60066
60034
60044
60066
60066
60055
60039
60052
60050
60063
60039
60038
60047
60057
60054
60034
60046
60042
60056
60041
60032
60051
60053
60059
60026
60041
60042
60055
60039
60036
60051
60047
60056
60032
60038
60044
60053
60052
60031
60052
60052
60052
60034
60032
60041
60050
60054
60026
60038
60038
60053
60035
60030
60039
60042
60053
60020
60031
60033
60049
60036
60026
60038
60038
60047
60026
60024
60031
60040
60037
60022
60033
60031
60042
60026
60020
60032
60040
60047
60016
60027
60026
60040
60026
60019
60026
60032
60042
60012
60021
60025
60041
60030
60013
60031
60029
60039
60013
60015
60025
60034
60029
60008
60022
60019
60030
60015
60009
60027
60027
60033
60002
60016
60017
60031
60017
60011
60021
60021
60031
60007
60013
60013
60026
60026
60006
60023
60020
60029
60006
60005
60014
60021
60029
59999
60013
60007
60023
60011
60005
60012
60019
60029
60005
60005
60009
60025
60009
60001
60015
60013
60025
59997
59999
60007
60018
60008
59994
60009
60007
60019
60001
59996
60011
60019
60029
59997
60008
60011
60025
60015
60011
60015
60024
60036
60013
60017
60021
60038
60031
60015
60031
60028
60038
60016
60020
60029
60036
60036
60016
60029
60025
60039
60023
60017
60036
60038
60043
60011
60026
60028
60042
60027
60019
60035
60034
60045
60019
60022
60025
60038
60039
60019
60035
60031
60040
60019
60017
60025
60036
60041
60012
60023
60020
60036
60021
60020
60025
60029
60040
60005
60020
60019
60036
60024
60016
60028
60028
60038
60012
60015
60023
60032
60024
60012
60024
60025
60033
60017
60009
60027
60032
60039
60006
60018
60019
60031
60018
60011
60016
60026
60038
60007
60013
60017
60035
60027
60010
60023
60023
60034
60011
60012
60019
60029
60027
60006
60020
60015
60027
60009
60005
60025
60022
60028
59998
60016
60012
60024
60011
60006
60021
60019
60024
60005
60007
60012
60023
60022
60001
60017
60017
60026
60003
60000
60009
60022
60026
59995
60008
60025
60025
60006
60001
60008
60016
60026
59993
60003
60004
60020
60009
59999
60011
60010
60020
59997
59997
60006
60014
60005
59994
60006
60002
60012
59997
59992
60007
60014
60019
59983
59997
60001
60014
59995
59991
60000
60006
60014
59995
59995
59997
60012
60004
59986
60004
60000
60009
59988
59987
59995
60003
60007
59983
59995
59992
60004
59988
59984
59998
60000
60006
59973
59988
59988
60002
59989
59984
59994
59992
60002
59980
59984
59985
59996
59998
59976
59993
59990
59999
59979
59975
59986
59996
60002
59971
59982
59983
59998
59983
59977
59985
59996
60008
59975
59986
59988
60009
59997
59986
60003
60004
60015
59992
59996
60003
60016
60006
59996
60006
60004
60016
60000
59997
60014
60017
60023
59994
60008
60009
60019
60009
60002
60011
60016
60027
60004
60010
60014
60030
60023
60006
60025
60023
60031
60012
60011
60021
60032
60034
60009
60023
60022
60034
60019
60014
60027
60030
60038
60004
60020
60020
60036
60023
60016
60028
60027
60039
60013
60019
60021
60032
60034
60014
60029
60028
60036
60019
60013
60025
60034
60040
60011
60024
60022
60036
60021
60017
60024
60034
60040
60012
60022
60022
60040
60026
60016
60031
60031
60042
60016
60020
60026
60038
60029
60014
60028
60025
60038
60023
60013
60031
60036
60043
60012
60023
60024
60036
60026
60019
60026
60031
60041
60015
60021
60024
60040
60034
60018
60033
60030
60039
60018
60018
60024
60035
60038
60013
60027
60022
60036
60020
60015
60031
60033
60039
60006
60021
60020
60038
60023
60014
60027
60028
60041
60016
60016
60020
60033
60031
60012
60025
60030
60033
60016
60011
60020
60028
60037
60005
60017
60016
60032
60016
60013
60023
60023
60034
60005
60014
60015
60031
60019
60008
60023
60019
60031
60008
60008
60017
60026
60020
60003
60016
60013
60024
60007
60001
60019
60024
60027
59997
60008
60009
60024
60009
60002
60014
60016
60025
60000
60005
60007
60022
60019
60000
60015
60012
60023
60001
59998
60006
60017
60020
59995
60008
60002
60016
60001
59999
60011
60009
60017
59985
60003
60001
60017
60002
59994
60008
60007
60017
59993
59994
60001
60012
60008
59989
60003
60004
60010
59992
59988
59999
60008
60015
59981
59993
59995
60009
59993
59992
59992
60002
60012
59983
59989
59992
60007
59998
59986
60003
59999
60011
59989
59994
60003
60011
60006
59994
60008
60006
60019
60001
60000
60019
60024
60028
59998
60015
60017
60030
60017
60010
60029
60026
60036
60010
60017
60024
60036
60034
60016
60032
60033
60041
60024
60018
60028
60040
60046
60020
60030
60032
60043
60030
60029
60038
60041
60052
60018
60034
60032
60053
60036
60030
60044
60043
60053
60031
60032
60036
60046
60047
60026
60045
60044
60050
60032
60028
60043
60050
60055
60025
60037
60040
60052
60037
60032
60037
60048
60058
60029
60036
60039
60058
60047
60035
60047
60046
60061
60038
60038
60045
60053
60049
60035
60048
60042
60056
60040
60035
60053
60055
60059
60030
60045
60042
60056
60045
60037
60050
60051
60058
60033
60039
60045
60059
60055
60037
60052
60050
60059
60038
60035
60044
60056
60060
60031
60045
60041
60059
60039
60035
60047
60051
60060
60026
60040
60039
60055
60043
60036
60047
60046
60057
60033
60037
60041
60050
60046
60032
60045
60043
60052
60034
60034
60044
60049
60056
60027
60037
60036
60051
60039
60027
60035
60045
60054
60025
60030
60036
60052
60041
60026
60043
60041
60051
60026
60027
60036
60045
60041
60023
60035
60032
60044
60029
60021
60037
60042
60046
60016
60029
60029
60040
60028
60023
60034
60034
60044
60018
60024
60027
60038
60036
60016
60035
60031
60039
60019
60018
60027
60034
60039
60011
60023
60022
60035
60020
60014
60025
60029
60039
60006
60016
60018
60035
60021
60012
60026
60024
60036
60009
60012
60018
60029
60007
60007
60018
60019
60027
60009
60005
60019
60025
60032
60000
60011
60008
60010
60010
60004
60011
60016
60027
59999
60007
60009
60023
60015
60000
60016
60014
60023
59999
59999
60010
60019
60013
59994
60007
60005
60017
59995
59995
60011
60014
60020
59984
60003
60001
60017
60001
59995
60008
60007
60018
59993
59996
60000
60014
60017
59996
60012
60011
60022
59999
59999
60013
60025
60027
60003
60015
60015
60028
60014
60013
60023
60030
60037
60005
60021
60020
60037
60025
60018
60032
60031
60043
60018
60021
60027
60038
60031
60017
60034
60031
60043
60019
60019
60034
60042
60050
60016
60025
60031
60042
60031
60022
60029
60038
60046
60021
60026
60031
60046
60038
60022
60038
60034
60045
60022
60025
60031
60040
60039
60019
60033
60028
60039
60023
60019
60037
60038
60044
60009
60028
60028
60042
60027
60022
60035
60037
60044
60021
60025
60030
60040
60042
60019
60034
60036
60043
60024
60018
60028
60039
60044
60015
60026
60024
60039
60025
60021
60026
60033
60043
60010
60023
60023
60040
60027
60018
60030
60028
60040
60017
60017
60024
60035
60025
60011
60025
60022
60031
60015
60010
60027
60034
60036
60004
60016
60020
60032
60017
60010
60019
60026
60035
60006
60014
60020
60034
60025
60005
60026
60021
60031
60007
60009
60014
60025
60026
60004
60017
60011
60023
60004
60004
60020
60020
60026
59994
60013
60009
60023
60007
60003
60016
60015
60025
59998
60004
60005
60017
60018
59995
60011
60009
60020
59997
59993
60005
60015
60021
59988
60002
60001
60002
59996
59996
59999
60007
60019
59985
59992
59999
60014
60002
59991
60004
60003
60013
59987
59991
59997
60008
59998
59987
60000
59996
60005
59985
59985
60001
60003
60009
59977
59992
59991
60002
59989
59982
59992
59997
60007
59979
59985
59989
60003
59995
59978
59995
59994
60002
59979
59978
59986
59997
60001
59973
59984
59981
59995
59980
59976
59989
59991
60000
59966
59980
59978
59997
59980
59975
59988
59987
59997
59972
59975
59980
59989
59991
59967
59985
59983
59990
59968
59966
59980
59988
59993
59965
59976
59976
59990
59976
59975
59979
59989
60000
59972
59981
59984
60004
59993
59982
59998
59997
60015
59987
59988
59996
60008
60001
59988
60001
59999
60011
59997
59988
60007
60011
60018
59986
60000
59999
60011
60002
59994
60006
60008
60016
59994
59996
60002
60017
60009
59990
60011
60009
60015
59994
59994
60003
60013
60014
59988
60001
59998
60013
59995
59991
60007
60008
60015
59981
59996
59993
60010
59999
59992
60004
60001
60013
59990
59992
59993
60005
60006
59989
60001
60001
60009
59990
59987
59998
60006
60014
59984
59995
59994
60010
59994
59990
59994
60002
60011
59982
59989
59993
60012
59998
59983
60000
59998
60011
59980
59984
59995
60005
59995
59979
59992
59993
60002
59985
59977
59995
59999
60003
59972
59984
59986
59998
59986
59980
59991
59991
60000
59976
59980
59982
59995
59991
59973
59992
59986
59994
59975
59975
59983
59990
59999
59973
59983
59979
59977
59973
59973
59984
59989
59994
59960
59976
59978
59992
59977
59970
59981
59981
59991
59967
59967
59975
59987
59984
59965
59977
59978
59987
59969
59964
59975
59983
59990
59957
59968
59966
59984
59969
59961
59967
59974
59984
59955
59963
59966
59982
59971
59958
59975
59972
59981
59956
59957
59966
59977
59968
59953
59966
59964
59975
59954
59950
59970
59972
59975
59943
59958
59956
59970
59958
59950
59963
59963
59974
59949
59952
59956
59968
59968
59946
59962
59961
59966
59950
59946
59952
59961
59967
59941
59953
59949
59963
59947
59946
59956
59958
59966
59934
59949
59947
59964
59949
59941
59957
59954
59964
59937
59942
59950
59960
59955
59936
59951
59950
59960
59943
59934
59950
59957
59962
59931
59942
59942
59956
59944
59936
59942
59951
59961
59933
59938
59942
59959
59949
59937
59953
59951
59963
59941
59946
59956
59963
59958
59945
59964
59958
59969
59956
59951
59970
59972
59977
59948
59964
59964
59978
59964
59959
59973
59975
59983
59959
59962
59966
59982
59979
59959
59975
59976
59982
59962
59960
59971
59981
59986
59959
59970
59966
59983
59969
59965
59972
59977
59986
59951
59967
59967
59982
59962
59962
59975
59971
59983
59960
59961
59965
59973
59970
59955
59969
59969
59975
59954
59954
59967
59975
59980
59949
59960
59962
59978
59963
59955
59960
59969
59980
59952
59959
59960
59980
59970
59951
59969
59966
59978
59953
59953
59962
59971
59971
59950
59961
59960
59955
59955
59951
59969
59969
59974
59941
59959
59956
59968
59955
59950
59963
59961
59970
59946
59952
59953
59965
59964
59943
59962
59961
59969
59947
59943
59953
59964
59968
59939
59951
59947
59964
59950
59944
59950
59955
59968
59933
59946
59944
59962
59952
59944
59952
59949
59962
59942
59939
59944
59957
59950
59937
59948
59946
59957
59939
59934
59948
59953
59958
59927
59941
59941
59952
59938
59930
59941
59947
59955
59927
59934
59940
59954
59943
59926
59946
59945
59952
59929
59929
59938
59948
59947
59926
59936
59933
59946
59930
59926
59940
59940
59948
59915
59933
59930
59944
59930
59927
59939
59935
59946
59922
59925
59929
59939
59940
59918
59936
59931
59941
59922
59915
59927
59938
59912
59912
59923
59922
59938
59920
59918
59922
59932
59940
59908
59917
59921
59939
59924
59912
59928
59926
59937
59911
59914
59921
59931
59923
59910
59921
59919
59928
59915
59908
59923
59927
59933
59903
59915
59915
59925
59912
59907
59918
59921
59928
59904
59913
59911
59926
59904
59904
59920
59917
59926
59905
59903
59913
59923
59924
59900
59912
59909
59923
59905
59900
59915
59919
59928
59887
59907
59907
59924
59908
59901
59913
59916
59922
59898
59903
59906
59919
59924
59903
59920
59921
59930
59912
59909
59922
59932
59940
59912
59927
59926
59942
59927
59924
59930
59939
59949
59917
59928
59932
59937
59937
59925
59941
59939
59951
59926
59928
59937
59948
59940
59926
59939
59936
59933
59933
59927
59941
59948
59953
59923
59933
59935
59948
59939
59932
59939
59942
59953
59926
59930
59933
59950
59944
59926
59945
59941
59949
59927
59927
59934
59943
59949
59921
59934
59933
59943
59929
59923
59939
59941
59946
59912
59928
59930
59944
59930
59924
59938
59938
59947
59920
59926
59929
59942
59939
59921
59935
59933
59942
59923
59921
59930
59939
59947
59916
59927
59927
59940
59926
59920
59924
59932
59941
59913
59922
59926
59938
59928
59917
59931
59927
59939
59912
59914
59923
59934
59926
59910
59923
59926
59933
59916
59908
59930
59932
59936
59901
59919
59917
59932
59917
59911
59925
59924
59933
59906
59912
59915
59929
59926
59907
59923
59919
59929
59908
59906
59914
59924
59927
59903
59913
59910
59923
59909
59906
59917
59917
59926
59894
59909
59907
59925
59910
59902
59917
59914
59925
59899
59902
59908
59918
60150
59894
59910
59910
59919
59900
59895
59909
59916
59924
59889
59899
59900
59916
59903
59895
59899
59910
59919
59889
59896
59899
59916
59906
59893
59906
59902
59916
59888
59894
59900
59908
59902
59887
59902
59898
59908
59891
59885
59904
59904
59909
59879
59894
59894
59907
59894
59886
59899
59899
59909
59883
59887
59892
59906
59903
59881
59896
59898
59908
59879
59879
59890
59903
59906
59877
59888
59884
59902
59886
59882
59891
59897
59905
59870
59885
59883
59900
59887
59879
59895
59890
59901
59875
59880
59888
59894
59889
59872
59890
59887
59895
59879
59872
59889
59896
59900
59867
59880
59881
59898
59881
59874
59880
59888
59898
59871
59877
59878
59897
59889
59876
59891
59887
59901
59878
59881
59888
59898
59901
59883
59895
59891
59906
59892
59886
59906
59907
59913
59883
59901
59900
59914
59899
59895
59910
59908
59917
59893
59900
59904
59916
59916
59894
59910
59913
59921
59896
59894
59906
59918
59921
59890
59903
59901
59918
59902
59896
59905
59912
59920
59890
59897
59902
59916
59904
59893
59906
59904
59915
59892
59893
59899
59908
59900
59890
59903
59899
59908
59892
59888
59903
59907
59913
59882
59897
59896
59910
59894
59889
59897
59902
59912
59884
59889
59898
59910
59902
59885
59902
59901
59908
59884
59887
59895
59906
60140
59892
59892
59890
59904
59889
59881
59897
59899
59906
59873
59890
59885
59902
59887
59882
59894
59892
59905
59876
59882
59887
59899
59874
59874
59893
59891
59897
59879
59873
59885
59895
59899
59868
59880
59879
59895
59878
59875
59880
59888
59896
59863
59874
59877
59895
59881
59871
59885
59881
59893
59869
59870
59876
59886
59877
59866
59877
59875
59883
59870
59862
59878
59882
59891
59860
59871
59869
59882
59870
59864
59872
59876
59885
59859
59865
59869
59882
59876
59859
59876
59873
59883
59858
59858
59867
59880
59881
59855
59867
59866
59877
59861
59856
59871
59873
59882
59845
59863
59860
59877
59862
59856
59869
59866
59877
59854
59856
59860
59870
59870
59852
59867
59865
59872
59852
59852
59860
59869
59875
59846
59859
59856
59869
59853
59853
59855
59863
59871
59846
59854
59856
59870
59862
59847
59862
59860
59872
59842
59847
59856
59865
59856
59843
59855
59850
59863
59849
59840
59858
59861
59870
59835
59848
59850
59862
59851
59845
59855
59858
59872
59845
59855
59857
59877
59870
59856
59874
59870
59881
59862
59861
59871
59882
59886
59861
59875
59875
59885
59870
59866
59884
59886
59891
59861
59874
59877
59890
59877
59869
59884
59884
59893
59869
59873
59875
59888
59888
59869
59883
59881
59890
59872
59868
59878
59885
59862
59862
59875
59872
59888
59873
59868
59872
59882
59889
59859
59870
59873
59885
59877
59864
59880
59876
59886
59864
59865
59874
59883
59875
59860
59872
59870
59883
59866
59860
59875
59881
59888
59855
59867
59869
59883
59870
59861
59873
59875
59886
59861
59863
59867
59882
59879
59859
59874
59872
59881
59860
59857
59868
59876
59882
59856
59866
59865
59880
59862
59857
59870
59874
59877
59843
59864
59864
59877
59862
59857
59869
59868
59879
59850
59856
59861
59872
59870
59850
59866
59865
59873
59854
59848
59861
59869
59876
59847
59856
59854
59869
59858
59849
59853
59861
59872
59843
59851
59853
59870
59860
59847
59861
59857
59870
59849
59849
59854
59863
59857
59842
59856
59852
59863
59847
59840
59859
59861
59866
59835
59849
59849
59862
59849
59839
59851
59856
59866
59836
59842
59846
59863
59856
59836
59853
59854
59862
59840
59835
59845
59857
59859
59833
59846
59840
59856
59841
59837
59848
59850
59858
59825
59841
59839
59855
59838
59833
59849
59846
59855
59830
59835
59840
59849
59848
59828
59845
59845
59851
59833
59830
59841
59849
59854
59824
59834
59836
59851
59836
59829
59832
59843
59853
59821
59831
59834
59850
59842
59827
59840
59838
59828
59828
59829
59837
59844
59836
59824
59839
59831
59843
59828
59824
59839
59842
59814
59814
59830
59830
59842
59830
59824
59836
59839
59847
59821
59828
59836
59853
59845
59827
59848
59847
59858
59833
59835
59845
59862
59862
59835
59848
59850
59863
59848
59844
59859
59860
59869
59835
59853
59853
59868
59856
59851
59863
59864
59871
59850
59855
59857
59868
59868
59851
59863
59863
59873
59853
59851
59864
59870
59873
59845
59858
59855
59873
59858
59851
59854
59865
59876
59843
59851
59854
59871
59861
59848
59862
59860
59872
59848
59847
59856
59868
59859
59845
59856
59853
59865
59851
59844
59858
59864
59872
59839
59852
59852
59867
59851
59847
59858
59859
59868
59842
59850
59852
59867
59860
59841
59860
59861
59864
59842
59843
59855
59863
59865
59841
59851
59851
59864
59846
59841
59856
59859
59865
59829
59847
59846
59863
59847
59844
59852
59852
59865
59841
59842
59844
59855
59857
59836
59852
59848
59856
59840
59836
59845
59853
59860
59830
59840
59840
59841
59841
59836
59840
59848
59857
59828
59835
59840
59855
59842
59832
59847
59845
59855
59832
59832
59838
59850
59840
59824
59838
59835
59849
59830
59822
59841
59844
59851
59819
59831
59834
59843
59832
59823
59832
59838
59846
59821
59824
59829
59844
59836
59822
59837
59832
59841
59819
59820
59829
59839
59838
59814
59828
59824
59835
59819
59816
59834
59832
59804
59804
59822
59821
59836
59820
59815
59828
59827
59837
59813
59814
59819
59830
59832
59807
59824
59825
59832
59813
59810
59817
59828
59834
59805
59814
59814
59831
59814
59811
59816
59822
59832
59799
59812
59812
59829
59817
59805
59819
59819
59829
59800
59805
59816
59824
59814
59800
59816
59812
59823
59805
59800
59815
59822
59830
59795
59808
59809
59825
59808
59801
59808
59818
59825
59796
59802
59810
59824
59815
59799
59811
59811
59820
59800
59803
59805
59816
59818
59798
59810
59803
59816
59802
59798
59815
59812
59820
59788
59804
59803
59815
59802
59796
59812
59812
59822
59796
59803
59807
59821
59825
59804
59819
59821
59835
59813
59810
59821
59835
59841
59812
59825
59823
59840
59825
59821
59829
59837
59846
59813
59826
59830
59844
59833
59825
59839
59836
59848
59824
59825
59835
59844
59837
59825
59840
59838
59844
59826
59825
59840
59846
59850
59819
59832
59835
59847
59830
59825
59832
59838
59819
59819
59827
59829
59848
59837
59822
59836
59835
59845
59821
59824
59832
59838
59838
59821
59831
59825
59839
59826
59821
59835
59838
59843
59811
59828
59826
59840
59828
59822
59834
59834
59844
59823
59823
59826
59840
59836
59814
59833
59831
59842
59819
59815
59827
59837
59841
59811
59827
59824
59835
59820
59815
59825
59831
59802
59802
59817
59820
59836
59821
59813
59827
59825
59834
59810
59813
59818
59828
59823
59808
59824
59819
59831
59810
59810
59822
59827
59833
59801
59815
59816
59828
59814
59806
59812
59820
59828
59799
59809
59810
59827
59817
59804
59817
59815
59826
59803
59802
59810
59823
59816
59800
59811
59808
59822
59806
59798
59814
59818
59827
59791
59807
59803
59819
59806
59800
59813
59810
59822
59798
59802
59803
59816
59813
59794
59811
59810
59815
59795
59793
59803
59812
59816
59788
59799
59801
59812
59795
59792
59805
59810
59814
59780
59797
59794
59813
59797
59789
59804
59801
59813
59785
59790
59795
59806
59805
59784
59799
59799
59808
59791
59785
59799
59803
59811
59780
59793
59791
59804
59791
59787
59789
59799
59807
59778
59790
59789
59805
59793
59785
59799
59793
59804
59785
59785
59793
59802
59795
59779
59793
59787
59802
59785
59779
59796
59796
59804
59772
59783
59782
59799
59790
59777
59791
59791
59803
59777
59782
59784
59802
59800
59779
59796
59798
59808
59788
59788
59799
59810
59813
59793
59803
59801
59817
59801
59799
59814
59818
59824
59790
59809
59810
59825
59812
59803
59823
59821
59831
59805
59810
59818
59827
59825
59806
59824
59823
59831
59813
59810
59822
59829
59835
59806
59819
59816
59830
59816
59815
59816
59823
59806
59816
59816
59813
59830
59820
59809
59824
59816
59830
59809
59809
59815
59823
59820
59804
59816
59813
59825
59809
59801
59820
59825
59831
59799
59810
59812
59826
59812
59804
59815
59821
59830
59800
59806
59809
59828
59821
59801
59818
59818
59827
59802
59801
59811
59821
59822
59798
59811
59808
59818
59804
59815
59815
59818
59822
59788
59805
59806
59821
59804
59799
59812
59814
59818
59792
59799
59806
59814
59813
59792
59811
59810
59815
59794
59794
59803
59811
59818
59787
59799
59793
59813
59800
59792
59796
59803
59816
59785
59792
59792
59810
59801
59789
59801
59799
59809
59788
59787
59794
59802
59796
59784
59792
59792
59804
59788
59782
59797
59801
59808
59776
59791
59790
59804
59788
59780
59789
59806
59806
59777
59781
59788
59803
59793
59775
59793
59791
59800
59774
59776
59785
59796
59796
59773
59785
59785
59793
59777
59774
59790
59790
59795
59764
59781
59777
59793
59779
59775
59787
59783
59794
59767
59777
59778
59788
59790
59768
59786
59784
59791
59770
59768
59779
59786
59792
59762
59775
59772
59787
59772
59768
59775
59782
59790
59755
59767
59769
59788
59775
59765
59779
59775
59789
59760
59766
59772
59780
59775
59761
59775
59772
59782
59766
59761
59778
59780
59755
59755
59771
59769
59780
59766
59761
59768
59774
59754
59754
59761
59766
59783
59771
59758
59773
59771
59781
59757
59758
59766
59778
59774
59753
59766
59764
59779
59758
59753
59771
59771
59745
59762
59762
59759
59775
59762
59755
59769
59766
59777
59752
59760
59761
59777
59775
59759
59776
59773
59783
59765
59765
59777
59788
59790
59767
59779
59779
59792
59780
59778
59791
59794
59801
59769
59786
59786
59804
59791
59782
59799
59796
59810
59785
59787
59793
59805
59804
59784
59799
59798
59810
59790
59786
59799
59806
59815
59783
59793
59793
59810
59795
59790
59791
59802
59811
59783
59792
59795
59810
59798
59786
59801
59809
59809
59780
59786
59796
59805
59795
59780
59795
59791
59802
59785
59779
59799
59800
59806
59774
59790
59788
59802
59790
59784
59794
59794
59804
59779
59785
59787
59802
59799
59785
59796
59792
59801
59787
59781
59786
59796
59802
59777
59788
59784
59799
59782
59780
59791
59792
59800
59765
59782
59782
59795
59783
59774
59789
59789
59799
59771
59774
59780
59792
59790
59770
59783
59787
59793
59772
59768
59780
59791
59796
59762
59774
59776
59793
59770
59769
59773
59782
59792
59758
59771
59773
59787
59775
59765
59782
59776
59785
59759
59765
59775
59780
59771
59761
59775
59771
59778
59767
59759
59775
59778
59784
59752
59767
59765
59778
59765
59757
59766
59771
59755
59755
59760
59762
59781
59772
59754
59770
59765
59777
59757
59754
59761
59772
59776
59752
59762
59757
59771
59757
59750
59767
59769
59774
59742
59757
59756
59770
59755
59751
59765
59772
59772
59746
59753
59756
59768
59764
59743
59763
59761
59768
59744
59745
59755
59765
59771
59752
59752
59751
59765
59750
59745
59755
59758
59771
59737
59747
59747
59767
59752
59744
59757
59757
59767
59740
59745
59750
59758
59752
59740
59753
59747
59760
59742
59739
59753
59757
59765
59731
59746
59747
59759
59745
59739
59746
59752
59762
59733
59740
59742
59760
59750
59737
59751
59749
59759
59737
59737
59746
59759
59754
59738
59750
59748
59764
59748
59745
59762
59767
59777
59745
59763
59759
59777
59764
59762
59775
59772
59785
59763
59766
59771
59785
59782
59761
59782
59782
59788
59766
59767
59778
59787
59792
59766
59777
59778
59792
59773
59771
59784
59790
59794
59759
59777
59777
59794
59778
59771
59787
59785
59797
59768
59773
59778
59788
59787
59768
59785
59779
59788
59772
59769
59780
59786
59794
59764
59775
59773
59787
59777
59771
59774
59780
59792
59760
59773
59773
59788
59776
59767
59782
59778
59790
59766
59768
59776
59787
59777
59763
59778
59773
59786
59770
59761
59783
59784
59791
59758
59773
59771
59784
59773
59763
59771
59777
59761
59761
59763
59767
59784
59778
59760
59775
59772
59782
59759
59758
59769
59778
59777
59754
59770
59765
59775
59759
59755
59774
59773
59778
59742
59764
59760
59774
59759
59757
59768
59767
59778
59751
59755
59760
59771
59772
59748
59766
59766
59771
59752
59747
59758
59767
59773
59743
59753
59751
59766
59751
59750
59756
59760
59768
59741
59750
59747
59766
59755
59745
59760
59755
59768
59741
59745
59752
59759
59754
59754
59754
59752
59760
59741
59736
59754
59760
59765
59732
59743
59748
59760
59744
59737
59743
59752
59761
59735
59739
59741
59759
59750
59735
59750
59746
59759
59732
59736
59743
59751
59745
59732
59744
59738
59749
59734
59729
59747
59747
59753
59720
59737
59736
59749
59735
59731
59745
59743
59748
59725
59734
59734
59752
59745
59730
59743
59745
59751
59729
59726
59733
59746
59753
59722
59733
59730
59749
59731
59725
59740
59742
59750
59716
59731
59732
59746
59735
59725
59738
59736
59747
59721
59726
59732
59741
59740
59722
59739
59734
59743
59724
59723
59733
59742
59747
59713
59729
59729
59742
59724
59722
59727
59735
59746
59710
59724
59725
59743
59731
59717
59735
59731
59742
59716
59719
59726
59738
59730
59715
59728
59728
59735
59723
59717
59733
59737
59744
59717
59729
59728
59745
59736
59731
59739
59745
59732
59732
59742
59744
59761
59755
59738
59757
59756
59767
59744
59747
59756
59768
59767
59746
59760
59758
59770
59756
59750
59768
59771
59777
59745
59760
59763
59775
59761
59756
59769
59769
59780
59753
59762
59761
59776
59774
59754
59770
59769
59777
59755
59755
59763
59771
59779
59749
59762
59758
59772
59755
59755
59765
59768
59774
59741
59756
59775
59775
59760
59751
59767
59770
59774
59749
59753
59760
59769
59764
59748
59763
59762
59773
59751
59747
59761
59768
59775
59743
59756
59756
59769
59756
59750
59754
59762
59772
59741
59751
59754
59768
59757
59762
59762
59757
59766
59744
59747
59753
59762
59755
59741
59754
59750
59763
59744
59740
59757
59762
59766
59734
59748
59747
59761
59747
59738
59752
59754
59763
59735
59741
59744
59759
59755
59734
59751
59748
59757
59737
59735
59745
59753
59756
59732
59743
59740
59749
59739
59734
59747
59748
59754
59720
59738
59739
59752
59736
59732
59745
59744
59753
59728
59731
59735
59747
59744
59722
59743
59742
59747
59726
59725
59735
59745
59749
59720
59728
59727
59743
59731
59724
59730
59736
59747
59717
59724
59725
59743
59731
59720
59734
59731
59717
59717
59721
59727
59736
59726
59717
59730
59728
59735
59718
59715
59734
59735
59742
59709
59725
59721
59734
59720
59713
59721
59728
59709
59709
59715
59719
59738
59727
59711
59725
59724
59735
59712
59710
59717
59731
59728
59707
59719
59718
59730
59714
59708
59724
59725
59734
59699
59717
59712
59728
59712
59709
59724
59720
59730
59705
59710
59714
59727
59724
59703
59721
59721
59727
59705
59704
59716
59727
59726
59701
59712
59711
59724
59708
59705
59719
59722
59728
59691
59710
59709
59726
59711
59704
59719
59715
59703
59703
59707
59713
59720
59721
59702
59718
59712
59724
59706
59706
59720
59728
59736
59707
59723
59724
59737
59724
59722
59726
59737
59747
59719
59729
59733
59751
59742
59728
59745
59745
59759
59729
59732
59742
59756
59746
59730
59745
59744
59756
59740
59731
59751
59756
59763
59730
59743
59741
59757
59744
59739
59746
59752
59761
59735
59741
59744
59759
59751
59737
59751
59747
59757
59733
59735
59743
59751
59755
59729
59743
59738
59751
59735
59730
59748
59749
59755
59719
59737
59737
59752
59738
59732
59745
59744
59754
59730
59733
59737
59750
59751
59729
59742
59744
59752
59733
59728
59735
59745
59753
59724
59736
59733
59748
59732
59731
59737
59742
59748
59717
59731
59733
59747
59734
59726
59739
59738
59720
59720
59723
59733
59741
59735
59720
59733
59730
59742
59722
59717
59732
59743
59746
59709
59725
59727
59739
59725
59717
59723
59731
59711
59711
59720
59719
59738
59726
59714
59725
59725
59735
59712
59715
59722
59731
59724
59711
59724
59720
59729
59712
59709
59727
59728
59732
59700
59717
59717
59729
59714
59721
59721
59720
59730
59704
59713
59711
59726
59722
59702
59718
59717
59727
59703
59701
59710
59719
59724
59699
59710
59706
59720
59708
59701
59713
59717
59727
59689
59706
59705
59724
59706
59700
59714
59714
59723
59698
59700
59703
59715
59714
59693
59711
59710
59715
59696
59695
59708
59714
59719
59687
59700
59702
59716
59697
59693
59701
59709
59718
59683
59696
59697
59714
59701
59690
59707
59704
59715
59688
59693
59699
59708
59701
59689
59703
59695
59708
59691
59689
59703
59708
59714
59683
59693
59693
59707
59695
59688
59695
59700
59711
59684
59690
59693
59701
59701
59685
59701
59697
59709
59686
59685
59692
59706
59704
59680
59694
59691
59705
59687
59682
59698
59700
59709
59675
59688
59688
59703
59689
59682
59695
59694
59706
59682
59686
59686
59701
59699
59679
59699
59699
59708
59687
59688
59698
59708
59712
59694
59705
59704
59719
59709
59703
59718
59723
59729
59699
59713
59716
59733
59717
59712
59727
59726
59740
59713
59718
59723
59736
59735
59715
59732
59732
59739
59723
59720
59731
59739
59748
59717
59730
59728
59742
59727
59724
59728
59735
59746
59720
59727
59729
59745
59733
59721
59737
59735
59744
59719
59722
59732
59741
59732
59718
59732
59729
59740
59722
59716
59733
59737
59745
59710
59725
59724
59740
59726
59718
59730
59733
59746
59714
59721
59725
59740
59735
59718
59734
59733
59738
59719
59717
59727
59738
59737
59716
59727
59723
59734
59720
59717
59731
59733
59738
59706
59723
59720
59736
59721
59715
59730
59727
59740
59712
59718
59720
59732
59733
59709
59726
59726
59732
59710
59709
59719
59728
59734
59706
59716
59716
59729
59715
59713
59716
59724
59731
59700
59713
59714
59729
59720
59711
59723
59720
59735
59706
59708
59717
59724
59717
59703
59717
59717
59723
59705
59701
59718
59722
59729
59695
59710
59710
59722
59706
59703
59709
59717
59725
59698
59702
59706
59725
59714
59700
59713
59710
59723
59700
59700
59705
59716
59711
59694
59708
59701
59714
59698
59695
59713
59712
59717
59690
59704
59698
59712
59700
59694
59708
59706
59714
59686
59694
59698
59712
59706
59687
59705
59704
59712
59686
59688
59695
59709
59710
59683
59696
59690
59707
59691
59686
59697
59701
59710
59676
59688
59689
59706
59692
59685
59699
59696
59683
59683
59685
59689
59700
59699
59679
59696
59692
59702
59683
59681
59692
59700
59705
59672
59688
59688
59701
59686
59682
59685
59694
59671
59671
59683
59684
59701
59689
59677
59693
59690
59701
59677
59678
59686
59695
59688
59674
59689
59682
59694
59678
59673
59690
59695
59701
59668
59682
59684
59693
59682
59675
59687
59684
59697
59671
59681
59680
59696
59688
59672
59689
59685
59696
59674
59676
59687
59698
59702
59679
59696
59695
59709
59693
59690
59711
59712
59722
59687
59705
59706
59725
59711
59705
59717
59718
59731
59707
59710
59715
59728
59729
59709
59724
59726
59731
59715
59712
59730
59730
59737
59708
59721
59721
59735
59718
59717
59727
59730
59738
59703
59721
59721
59737
59723
59714
59732
59729
59738
59711
59715
59725
59732
59726
59712
59726
59724
59732
59715
59710
59723
59731
59737
59707
59719
59716
59733
59720
59713
59717
59724
59736
59711
59715
59718
59732
59724
59711
59727
59722
59733
59710
59713
59720
59729
59725
59708
59723
59718
59730
59715
59706
59726
59728
59732
59700
59716
59718
59732
59713
59708
59722
59723
59733
59704
59710
59714
59727
59723
59704
59722
59722
59728
59706
59707
59713
59720
59727
59705
59711
59709
59720
59709
59703
59717
59719
59722
59690
59706
59707
59720
59706
59699
59715
59711
59698
59698
59701
59714
59714
59712
59693
59709
59710
59716
59696
59693
59705
59711
59719
59686
59698
59697
59712
59698
59690
59694
59703
59683
59683
59691
59695
59710
59701
59688
59701
59699
59712
59688
59688
59693
59703
59696
59683
59697
59693
59704
59687
59683
59700
59701
59709
59676
59692
59688
59702
59689
59683
59692
59697
59705
59678
59683
59688
59703
59696
59677
59694
59692
59703
59679
59679
59689
59700
59698
59677
59687
59684
59696
59683
59679
59693
59695
59702
59669
59686
59681
59697
59683
59678
59693
59689
59700
59673
59682
59682
59693
59695
59671
59691
59689
59694
59674
59672
59684
59693
59697
59669
59680
59680
59694
59676
59675
59681
59691
59696
59666
59674
59678
59693
59684
59670
59683
59683
59699
59670
59672
59678
59690
59682
59667
59681
59681
59687
59673
59666
59681
59686
59695
59659
59675
59676
59688
59673
59669
59675
59683
59692
59664
59675
59681
59698
59688
59677
59696
59695
59706
59686
59689
59698
59711
59706
59689
59703
59701
59715
59700
59714
